-0.658225477718608,-0.5718417746398505
0.6738019454888269,-0.13076757576369696
-0.6918028176911524,-0.6012570825389035
0.8321191459297307,0.9675716049495985
-0.7562093067049366,-0.02176360759125062
-0.0160973128348698,-0.7771268361171894
0.9827515158123146,-2.0006956523203336
-1.0742575048328813,-0.8735739760057716
-0.09026758481603854,1.5179675761275169
-0.5239274892897656,-0.22254827283020912
0.6733531205677333,-0.04397057358032013
1.308453147849687,0.3368604356254042
1.9221413359738864,-0.346348345091014
0.5165961432685674,0.9520710522178831
0.03582921011635895,-1.5256688930524003
1.7086942593467602,1.295092211949623
0.5740741705607192,-0.3769779645549095
0.771946134136243,1.5553433760983943
0.20843817970113945,-0.03688535698079486
-2.3621761271387394,0.19048583414507347
-0.7477201958184491,0.5516881426285661
1.1559024276479717,-1.7345305826352253
0.36750249739585583,-0.8726589791944707
-1.863540927155956,2.8116352021887296
-0.8413554217456289,0.17892724711357064
-0.7898585175948482,-0.20646211074661766
0.6494179549147273,1.111192927516462
-0.04002380201524093,1.1460020195497753
-0.22769509776899982,0.904622931878278
1.1944055899762147,-0.9132278173442013
-0.4256845107703304,-0.8941168475700753
0.36543358865348824,1.9416364495059728
0.6428488109491409,-0.10855736402039473
0.2791341798127373,1.3569406536632111
1.0116805988135111,-1.1350503462914143
0.5387785725635007,-0.06463443904229929
0.036685194682307416,-1.3613754375097735
0.3585873753198066,-0.5097668993581234
0.17132255712441913,0.3010601718258244
0.045537702163158965,0.6474131323415119
-0.5732071249762245,0.08214629393087557
1.5509287494348527,1.1584781991597963
-0.5432275824702433,-0.36930886249564765
-0.5933944999177557,-1.3335567990540058
0.9818057920313726,0.9240921430200958
-1.65124796120547,0.558378488320166
1.4302847996348993,0.6353725482322526
0.24441553046025338,2.0096989699172085
-0.8342580607893678,-0.975462080256133
0.8040133385745846,1.2949314421750533
0.8227663230906705,-0.4858133473839008
-0.3780298190495991,-0.41097071545436664
-0.6175459897898158,-0.8873264658682806
0.8110896141927307,0.297439284585352
-1.3375588817578064,0.016164117876785077
0.9118282569226583,-0.3448440112833317
-0.9262116066978422,-0.1534147320348374
-0.9275055803021093,-0.32376005797470586
-0.5517721309321778,-0.8752128375426423
1.048842958575196,0.35156617376744104
0.5275729630991345,1.442940848138451
-0.6237300926626377,-0.46924505363362246
-1.3531056159836679,0.2378890571487448
-0.43603880052904626,1.1229125183221804
0.4762929932307553,-0.36333112101955023
-0.8254792676043976,-0.10926401262303824
0.40272164241682645,-0.5486681679515742
-0.531265127579291,0.5733936146697505
-0.8695330407383424,-0.9352992711503723
-2.173701859657178,-1.6995500789507687
0.019103724402358226,-0.3913890066874242
0.16452722794584684,-0.15477447858962995
-0.442391092696615,-0.34544474174706163
0.2316536471405139,1.6399817257031284
0.21123774875724372,0.6514823899450292
-0.6088103665946296,1.4838037248475535
1.606538703285839,-0.3625571299418139
-0.1056263402772449,0.4837735495671848
-1.3559068134163652,-0.7701826385848202
0.35604721401312217,-0.3162012678501658
-1.0868926152864677,0.453468029151933
0.032973632790739754,0.9712863389739568
1.1930742100204927,0.23275101381542684
-0.7233931102628339,1.0268930463391341
0.46539687838071436,0.4931335208269396
-0.24033569958112525,1.495406693161344
0.11685644011826234,0.03845245596538015
-0.41376332036283386,-0.5754885858404014
1.0169450123707489,-0.7927071334737799
0.18262330096353147,-0.6337953601144877
-0.30412735079213987,-1.1441074857204423
0.9028531655548478,0.9079925326565846
1.213647141242214,-1.0188945675908454
0.9775194326991323,0.596009323733046
-0.8806504991861694,0.41168043072898564
-0.19611233209134474,0.27168760699600397
0.942381222649776,0.39663582110225126
-0.018121943972938502,0.306356690242947
-0.6199103940662901,-0.5550547163336365
-0.13124410508271944,-0.3133158569721138
1.417843569576847,-0.8061517926262409
0.4788688058552183,0.1193975917010825
-1.9195611191644304,-0.019200836432939294
-0.20654186987237283,-1.264199401000437
-0.7106416493889501,-0.9422404573205386
-1.2070051182937531,-0.6294963452661435
-0.9546868548707373,0.23069497559647784
0.3568579707461818,0.6996025075842192
-0.5636415082670588,-0.22756373525054494
0.1908389688070782,0.6664428658492422
0.8224105535729062,-1.9605567732590228
0.3004540445839435,1.1251042058683236
-0.49609873845596614,0.2765186494363249
-0.488759649207662,-0.32082823050750087
0.213476664946031,-0.5772567827682671
-1.231403902849103,-1.2401518756679781
-1.6813802963878588,-1.1233583134794405
0.9871503703393829,-0.7058074071379445
0.27815919677153284,0.4883409099927785
-0.21211968703280432,-0.31070387812666794
-1.6442923119949255,0.4012276906969507
0.8611224647877033,1.4895669140671741
-0.19507487883787739,-0.5575768079231556
0.045468982701937104,-0.7925782376634602
0.7252725173372213,-0.6812972198503487
-0.26585877240322525,-0.6750432844060352
0.4045057626567591,0.20181126017481624
-0.4509814735105543,-0.9507956570767663
-2.2144151901396003,-1.4522252261892656
-0.7328687447782056,-1.5526763136574362
-0.27284017679183226,-0.3470424309109377
-0.3848499304921489,0.13944087997603022
0.6265464550142779,-1.120443601127102
-1.202546207564898,-1.5244985142497014
0.48834948271785555,0.3968597441318573
0.8765799933234564,1.2766525496187218
0.363586516506647,-1.6624363067282732
-1.4925967563083338,-1.98506626684196
0.45455885778479943,0.29085145844890686
-2.351820215925754,-0.31357549677444924
-0.40223954843560306,-0.11961427887583559
0.7090268713449339,1.0967789193943736
-1.3109886652050051,0.7480781149631388
-1.4484252474511938,-0.6100058975940997
1.0660012939107117,0.5597146202040192
0.019966385442466643,0.8492169463061422
1.2538510174895712,-0.762504908574933
-0.6947312608594082,1.0797037347976426
0.28235017745155855,1.4602342945485196
0.05122703174521963,0.7316793657907897
0.10060160057005534,-0.5997975615956181
0.5606977638538755,-1.0395914723538235
0.12151973877845042,-0.9903044439414181
-1.5217302247590672,-0.4006823955334366
-0.7510581479311296,-2.795923712380272
-1.7630656251398302,-0.23923653209300172
0.32850662367736083,0.9189000939285118
-0.04333089442399922,0.7334933117131673
-0.18239553501792752,-0.07724524600370719
1.0871617341206747,0.3561640010245067
-2.727430275249226,-0.8974956965479257
-0.7119236166928533,-0.1532851385259425
0.36139782016718813,-0.6185482470005339
-0.9408246123596737,1.0707293194813228
-0.3604887738760059,0.5441124149797261
-0.8975825681215079,0.20412114623777997
-2.964718846616621,-1.6590218250778943
-0.15259417013162718,0.1803625189542227
-0.818737147962552,0.9629230979866589
0.515933855322661,-0.47498774440140695
-0.8811745948943522,-0.12798189775332341
-0.0795903280237647,-0.12621065663465666
0.7213692912940004,-0.7873826345873044
0.06816598329096393,1.0997466588487053
-0.9865264006229567,0.23573226213943654
0.5922462707581545,1.3922615865221908
-0.4730219392251599,0.5568424456397457
0.45830125439504626,2.114253229240319
1.592300867818744,1.2424339616568312
0.4237810748970976,0.5729600120912312
0.002340251655610565,1.0873750419395045
1.7243785612681701,-1.1039122662224412
-0.8438008283636095,1.5499097840166356
-1.0518511207759915,-0.48615166917309166
0.6192644807109144,1.4382030212964714
-0.3523821045344219,0.2699856620468677
0.30021411984781216,-1.1165973684445776
0.8297153008519941,0.02603404575870209
-1.5147337796079021,-0.21013928897976134
-0.5966985963151167,0.6642020482830995
0.001315790989625495,0.5349528185403254
-0.16267395705639925,-1.2267786491128856
-1.290043737072246,-0.9932412294082772
-0.3529727264982168,-0.5632204197517368
-1.335061389058305,2.0206919837006634
-0.4819929861124775,0.23016412677498274
0.56241193719614,0.8330418235276164
0.22709539522661942,-1.635768467650802
0.041544855674599486,-1.0973505553281002
-0.5189223759064407,0.9703449556930362
0.6656844950644801,-0.5643292777537695
-0.39059708832290607,-1.355957642047459
-2.3643058031922535,-0.929767138913803
0.9792751327292221,1.1911143225781442
-0.583813543859104,0.4300553303117663
-1.5688668654495026,0.5680215928603612
-0.897088944870046,-1.5395011808843586
-0.9824345863298934,-0.326571815325462
-0.8043518060047047,0.41940929498737745
-1.6592362565372045,-0.600401441069255
1.0991809444704905,1.0681929955114402
0.09108316035136925,1.1824223704402717
0.25695423866839556,-1.388026061043786
1.5215514510063068,-0.457534740565147
-0.6697251599098935,1.1360535292213318
0.9165843037937883,-0.03728280987630902
-0.1959736706792472,-0.3237967094171104
1.6588004288204075,-0.3067633890252054
0.6205861590947069,-0.2002769686567941
0.19839645561463895,-1.0878080783378785
1.0599558197234231,-2.615875048094597
-2.1769224937366722,1.702819863219545
-0.526245474421862,0.483591986838677
-0.4569543113270203,-1.0393081475533759
-1.0040012513699732,-0.40122337698251914
-0.15757836375402653,-0.5726429223925414
-2.362771105667148,0.009556697389081685
0.47002040255329075,1.7537060479182605
-0.16884366783285273,1.0596607480997347
1.709072091093088,2.672094245152829
-0.5124015115766248,-2.036981809964766
-1.7176269835340419,-1.3506302648335051
0.26334964516051734,-0.07944658791424525
-0.4350778700179821,-0.6087746512276648
0.5307743148402462,1.0805162752240502
1.6396901207480346,-0.04985461112833302
-0.6118346118501765,0.6654585475351643
-1.2648323113374964,-0.17850247443411862
-0.9998259806042163,-0.9704203416853366
0.6788441552436203,-1.415684155749236
-0.5391732767158097,-0.5552824420891931
-0.9657068316577577,-0.49982185770536824
-0.32692708938125203,-0.315943981644608
-0.016040539126464932,1.3131485899120123
0.8402713018591896,0.7031631718000592
-1.1704914973163798,-0.1843009045077145
-0.6503703825354302,-0.32356664418193476
0.1812833535134085,-0.52166427575037
-2.149466285288289,-1.472760709573582
-2.1373986087596157,-1.0349894098996055
-0.13597644518838345,1.0106529561105597
1.309829739700303,-0.4041733608400466
0.23074247093392836,0.62360068734422
0.13310476375518424,-1.1040836591703422
-1.301080394070601,-0.25291286410663216
-0.4040428577140538,0.9298845429767104
2.653805876162157,0.6546684814583625
1.215100848811997,-0.37137476033311223
-0.3662931574254945,1.1216580082201968
0.017003447018175657,1.0871567449915729
-1.3711257443823117,0.7193901418387616
2.397146130841223,-0.7074832468047922
-0.5943442833177498,0.09144877685731088
0.403813379682376,-1.1975705103136631
0.10952656294142595,-0.29293488263524003
-0.36205323410056506,-0.20510862885134265
1.2174987333594414,-0.6791366685222718
-0.4254400763431054,-0.6352601948303632
0.16467633776246274,0.16295266988270937
-0.31554756298080167,1.0304957009703608
0.0968664679164148,1.1461882693584133
0.26933116106604654,1.135995970785766
1.619019945525957,2.449767088437395
-1.2714265760567127,-0.9389224830084515
0.9909557970630948,0.8906889836195422
0.08834354452214963,-1.6696760166469835
-1.7776965440416101,0.3680749476271763
0.9606870261736976,-1.3838180523487857
0.6352306160207586,-0.2922224604898787
1.66049048878134,-1.8719464332025064
-0.2082034572524834,0.062246479120194646
1.5789757609673845,0.7410648362531393
0.49059347282641136,-0.9729675673381926
-0.8216090933047937,-0.3104101786400502
-2.2502759543497874,-0.9217800658814816
2.2684048797701037,0.40421618537015463
1.3087730962285697,0.6436550007836195
0.27326458270806553,-1.1936581361476162
-0.6602735848482839,1.7170960040694176
1.4227513901516715,-1.2185549625547551
-0.586594300876429,-0.10334845815827011
0.07317062703790511,-0.7167207050564945
-0.5668433344188669,-0.03108818671003082
1.028226491989828,0.018134332439116458
0.3373682849358731,0.2955865120331203
-0.18201214150698772,-0.21311230435249623
0.7608107808284355,-0.4324958585941682
-0.29652979712532995,1.6074853315151838
-0.3356192775376707,-0.03250155868774024
-0.7240864182864788,2.209592627098027
0.551387781500922,4.5724344903729355
-1.01099984670823,3.9247585978936037
0.3813556448044466,4.728648121607426
-0.5603607422758343,4.176543405160465
0.9498523844425971,2.7186421929141247
-0.05454286380510331,4.059487412362801
2.5106523423805056,2.448455813370256
0.004547625949195866,2.889613837137034
2.3547340514995807,4.9310213511745005
0.9280758644568714,5.847807297079858
0.38988932450634567,4.166835193787983
0.7362964000098836,4.0474604615294005
-0.7721296853185924,4.463819972840888
-0.2889649861156657,3.166702276424468
-1.0181752464707892,5.2109857754589886
0.7087901276561561,4.964156512059135
0.7350170257224861,4.583870925967576
-0.30314429252035724,3.428180686196179
-1.745787942301778,4.244489725192617
1.272767228845839,4.27484785462285
-0.09998973574743598,4.2902298885412
0.1386593605584611,3.6367083037726413
1.4089532210452285,1.8055592602721142
0.013921117621658853,2.6536260196390757
-0.02636902197130714,2.5020352451357417
-0.6354073558782827,4.518089830465389
-2.4999973266385886,3.5669834613822737
0.6347349294220914,4.349661473757096
-0.5525674399960729,4.831881329016313
0.9195042342308845,6.5971651270237555
0.33140343085231505,4.561201371027354
0.08662708030277222,4.1950641577171925
1.320453818606278,4.736694429025331
2.4166127380665925,2.4271612706752483
0.25987905355586866,3.982600044071436
0.21674822492983745,4.859467195766354
-1.3583773916218274,5.224043222382347
-2.50841612194716,4.3428742437943075
0.27481411451297255,2.432757053310592
-0.23890961365523816,3.777664032563796
-0.2287340301881382,3.8854011900190137
1.1435892862478392,5.515992851698886
0.3910895144301411,3.4046117749487697
0.5329874515060921,4.186020581602662
-0.21811845826092371,2.6510417732722136
-0.22521665601915739,1.9823432596810764
-0.48925379721347734,3.1885147862779046
-0.038646368265483864,4.02048074129006
-0.7922848752652926,2.4318942549223483
-0.03371414917132093,4.330576086582431
0.09116338352824052,3.3428556399676377
-0.6178639592252991,3.672677598340236
-0.07920063034293985,3.213309075995113
0.732482740077851,5.587702496962759
-0.993625202408476,4.0461670147807745
0.3812554754015482,3.943460576656854
2.4139011899730622,3.6541799182395343
0.852334866766525,3.525771840656603
2.0470747389855846,5.9831521715845
-0.11473447182704155,1.6740552845201018
0.7453633479870824,5.307027176541123
0.07147046889819648,2.915820964669042
0.7343660852514008,3.001633822180021
-1.0201591472208273,4.030978206213018
1.072408812066965,2.9832692024161203
0.49923759874091833,2.636882200086112
-0.05820741270232684,4.174065819000972
-0.4085955828979117,5.744832644064088
0.028221157664932432,4.272328085672833
1.856418160876639,4.886166411653459
-0.9513895908283069,2.42324485648348
-0.2603673517374213,3.0577093329301976
-1.1700789348606455,2.1860144216788946
-0.3564695756124762,4.1229917292944265
1.2402072879439079,4.700269469322843
0.5788969166598504,3.073759307016696
0.8384225266889713,2.6766258363228346
-0.3610896406961389,4.06431186502506
-0.2666430414365472,3.987737219587364
-0.3296207762144782,5.2533244671546875
-0.6420453925508699,3.608666301406495
0.44696329734952506,4.510217788669076
0.0859270584652415,4.4783240632057115
0.3587796987095566,3.730748983828983
1.0170795787064466,4.470961646670015
-1.3418760454069814,3.7627712652001524
0.5015783869771284,3.461699705999947
-0.132371534344842,5.743186520854206
-0.009810103006455184,6.303558695846313
0.9163789344475819,2.953701923875588
1.8128937086618884,1.6984870684550546
0.45957752241262334,3.0154860761749767
-0.9841222156373599,4.664214519456159
0.9399637426787755,3.3168220550883003
-0.6739998555319702,2.7632709867132643
0.5902792360304081,3.2855989763310745
-0.43260386846580506,2.7455562661379256
-1.2527467836124793,2.792924318404804
-1.5947839173255456,5.1271864121543596
-1.581019531050243,3.40858243139371
-0.29916831468817817,4.01907584530005
0.9056276429155731,3.9262680126938854
-0.14055679893892717,3.064270740703215
-2.092698355288927,3.323292549692934
1.174479323650845,3.0109041148654887
0.16768256173593143,3.1987952170938194
1.6556366688425657,4.466772232477173
-0.6867077246032476,3.549526002780481
0.5851302386670669,4.452894306207986
0.7161949202427671,2.319843631649725
-0.4348738060383815,2.4482703875585594
0.14069689319986992,4.008146019729929
0.027403446950072408,3.4636350533861417
0.33986220872861855,3.3067240643508624
0.6191496515370603,4.427273999940612
0.44814132976667453,3.268753904723117
-2.3386049739562873,4.17913564974838
0.6916398189094407,4.695524937398483
-0.9859314591605484,5.751374179001839
-0.29035021973035724,3.1945221241103696
1.382035622249524,3.118622081516275
-2.1705354781407658,3.4942091894706513
-0.6358437306291188,4.663535156581337
0.10932410622403087,6.612925772984807
-0.7830713749576861,3.350313023931913
2.0079036261323746,2.334437189152897
-0.9370751105032468,4.141108230800201
0.42346216599838604,4.446413299569125
-0.8776129813348986,4.293775959199837
-1.0345709567473231,3.6107364071131234
0.17869620413250278,3.387018902710219
-0.3281162292576301,3.0444147117022133
0.7219036287548657,3.3035182617459338
0.3318369716524007,5.044116133959121
1.0566387816619704,2.588022787794905
1.1115259056821212,4.306616556227792
-1.4854385172243452,4.720050425555883
-0.6664795426440798,4.933837633404657
-0.2991379904927308,4.453571056274006
0.14798638428322988,4.434089344425838
-0.47165324491249183,3.895702397792358
-0.19448148995783038,4.200933790673472
0.24888412044445019,3.2488502009888287
-1.3529869689674365,3.6364751211510864
-1.5849319422031831,7.185892721029033
1.805296132188269,1.4978490989239677
1.4217309553444566,4.480889015557627
0.6960204227257621,4.145161261156873
0.7312499711652007,3.9780773407711787
0.5419026756656279,3.649362598029412
-0.863959979935035,3.608947565402467
0.7672261364670402,2.8657403506853667
-0.6017390163886245,4.483387411571141
1.186665945113528,6.303018735177261
0.18734450491541688,3.664998806657883
0.1804986364670533,4.4908410645492065
0.8551331605708028,2.153180780000538
-1.3102826061030974,5.5659151078713105
1.4762376295334367,4.230863920208575
2.1875427903518188,2.795340816996749
0.1876482909675174,4.7989025455980725
1.3460128206100528,3.8296161114868057
-0.05392309011174058,3.80264727565677
-0.3034885210960118,3.69804148619103
0.7598631718984128,4.01402436092544
-0.10037798364024791,3.307508255540919
-1.6781864373758926,3.587424890852038
-0.24170594664750128,3.871869821028567
0.16340375840936977,4.430832238121133
-0.3356007448069845,5.305098601857442
-0.8589124283647724,6.34066502546605
0.7141864825837115,3.456622630517858
-0.3476930918427304,1.750195276806421
0.7243527292361315,4.715864149884538
1.4389714197835006,3.941069678785909
-1.0294746592160942,5.279050917669446
0.07774129996100455,3.849279891455342
0.8518795690938206,3.23854605648369
-0.45989518675660046,3.4956379994181686
0.975350326005986,3.729038183974498
0.46897998648108047,4.027298314143259
0.2560798198769505,4.178147339560658
-0.09816559525257364,2.360435676117536
0.6132872635309459,4.356053616543922
-0.821905493239478,5.035735026040449
-1.3219470475626507,2.1489606891680193
-1.905792525552699,3.2191036137787945
-0.8759427426970808,4.780358159120183
-0.12523402945594836,2.8288791033567584
-0.9673145852637374,1.4442669201811618
1.3399556469672302,2.8845375233182313
0.41379279957174336,3.0904758247015804
-0.4075604656286693,5.013885123855955
0.3692635021230797,2.7833210440428555
-0.11499626605079337,4.453550683365626
-0.24332065802431893,4.016376186811217
0.6359253292594519,3.783215074610688
1.3287893105828885,5.776784865140257
1.4490832690120283,4.289812440329112
-1.700406685341086,3.591462307403658
1.4442884891107461,3.56959703218459
0.9122420281435942,4.165492842011113
1.441176456159291,5.243712323812077
-0.16068212783236893,4.413047923462183
-1.6398868555108774,2.068074931021407
-0.17595443268847463,3.093346679819756
1.6110363786541684,2.974562917642393
-0.3808060920255051,3.6814642006899985
1.4380836788817153,4.526558366938219
-0.4699885603257837,5.311474269770905
0.3967749361641287,3.4728240288915213
-0.9971110020932903,4.4273779596021585
-0.6274614777742334,3.344580277229439
0.394912117059907,6.357571663196425
1.2922192475511975,5.413390653311723
-1.135777777360617,3.884875526193991
-0.8809781063858593,4.563530585341252
-0.1507256492706005,4.027079469881554
-1.1534962960650126,2.4937129805574108
-0.5654156196279577,3.55979264963227
-0.9079053695089732,2.7796433655689854
-0.5500700726421215,4.93286443138184
-0.5377525633878831,3.614250394609848
0.39291073638342333,3.517210939989227
-0.47970388640128037,5.154660970847674
-0.3824898441646137,3.829011238318703
1.1868654937425327,2.9141141632435588
-0.6535968425125783,4.2072632194648225
-0.27322045093461056,3.793532209773653
-0.02323364075186427,3.3802667442892527
-1.0755307170454316,4.330246548366609
-0.006214416224761239,3.3204572418043465
-1.998050872866168,3.4998812869941545
-1.2210127446975068,4.980367534435076
-0.3973111874843693,4.633005109771671
-1.3843001933952799,4.5020375834203925
-0.1639761016049772,5.536706530930556
-0.6487248039468356,4.453159499404217
-0.6752203866490931,3.5397860277680175
0.12973979729777307,4.3773873880498755
-0.9569019317786817,3.7999980788916994
0.05357840552352748,4.4798373474002675
-0.23983463373972644,3.081083656971655
0.8088551158325994,3.624370470286521
-1.835258109433944,5.55817945051688
-2.409338130286235,3.375367143289186
-0.29741156964696713,2.913304709204552
0.6637518494324397,3.6945489752448513
-0.9563322941348795,6.319919011663613
0.856351308570829,4.7168584726027
-1.3222710406089597,4.82247057680604
-0.04590196857964908,3.7521172889290524
0.7933662875123141,4.4210992794461745
-1.5125461964272082,3.8970912096555548
1.4526424406249827,3.1806507476772437
0.12061421604249904,2.621031008494814
-1.046068503319509,3.648542346807784
0.8596864922975598,3.749384951511277
0.994405780393945,4.42659517178253
-1.020116076621129,6.4739356709328035
-1.1082246949967811,3.3995996598419853
0.292610035755404,3.1143627783924583
-0.8647817484235587,5.407171313956278
-1.533000340030398,4.8994900008822855
-0.452489590694445,4.668404312065265
0.3934631472677912,3.2680658407429837
-1.7385277095728842,3.3946218705877858
-2.6549177315037302,1.1284573310235135
-1.202052834085775,3.6080236928516563
0.7659783962285835,2.7936378849772883
1.293850955530143,5.647461868357423
0.15181500390154132,4.3654337160601955
-0.6295489173282156,4.6565728645598545
1.1417900641431389,3.4803756629309155
-0.23252229938626995,2.7229332674933784
-0.5887165624724425,4.295303059910565
-0.34732809488779265,2.8445702082256625
1.501025861314862,4.501097199859704
-0.6716249214826224,2.2972805136891083
1.4879571629161215,3.9947606580754886
1.3244758318236558,2.4138103831013895
-2.0792100776226943,3.673423264634117
-0.3544657752311399,3.804994702571232
1.2496721340353036,4.861523494224958
0.19960464224615412,3.8052248693629718
0.6420214668297367,5.176726142352105
-0.6227742952610282,5.164426866400986
0.2243747616513812,4.241301094102184
1.2936201218130259,6.030640533505657
0.47230307740748095,5.3283036436982885
-1.1552661673738975,4.859135651989159
0.30959789262190734,3.1852328571934727
1.0681873677363445,1.225397529926758
-1.7795492466514369,3.4189254309384314
-1.6697374421326452,3.6038734533983963
1.751854363562814,4.5835357570601385
-0.3703652407096257,4.286186963340216
1.5706193216786235,4.42623754440851
0.5647218532418325,3.278457006741448
0.8233568247531212,2.8787173870269207
3.245000308683892,0.70249204628834
3.7909927150071785,1.007432874338717
2.891051356630311,0.1951725950015513
2.177963160036876,-2.4818172472842055
4.754160942320373,2.205299081756966
4.519003879437425,-0.004777440029682633
3.854427473768435,-1.1549158626360132
4.424325122228902,-1.9148924138420333
3.353836897975768,-0.32409878282868265
3.5558786629053007,0.7966175418137391
3.810399349883643,-1.181541137609787
4.527362418193044,-0.9212880867338911
3.5963840739779167,-0.17944161159195862
2.4120838465708916,0.5106696469357042
3.94043816771587,-0.9975744980961756
4.00287308293431,-0.39127231163073745
2.1625592909144906,-1.0842294975010094
4.121426281835913,1.0227174518892126
4.460587262484192,-0.30030633102937204
4.451151385782731,1.513100167358922
5.2167625262659385,-1.23132308120049
5.3619015971633175,-1.2879525089011392
5.5236327916208365,0.6546972636170547
3.5821330538425555,1.9109903216339543
4.621318698742005,-1.7413969327328584
3.0042160441050796,1.123147661560541
2.303533007589823,1.0406014065519225
2.8944474775388285,-0.3249342425220326
2.201303951618702,-2.2086119763490726
4.470268617070568,-1.0338466966412918
4.451226522702525,-0.24045470711190794
4.869860097209356,0.39969778349161295
3.8743443193066507,-0.39095991491458615
4.93025258620978,0.6604189754617635
3.4519053006216476,-1.43006057528859
3.991788693348808,0.5561210305987434
4.821945028532274,-0.6278885077820374
4.027294641239068,0.8217419017893159
4.540888874566617,0.9637142196381439
3.7278134030365853,0.3492812051241167
3.002912588015248,-0.3524935979414873
4.379583263793809,1.0744336636120688
3.9966224467289027,0.4766765065037395
2.174821299380706,1.2117391078389064
5.435877803221336,-1.858927570875998
3.0262503332803874,0.031057744904347293
4.193247869508983,1.49281429341869
5.34813710479928,1.8270231892292275
5.195079689334115,-0.6695569784820403
3.99787301993613,-0.5703500551821067
3.322757471826252,0.5127367379846433
4.735260789311826,2.1525462695224498
5.203056162582123,0.327522159428232
5.037156688057987,0.3144824994801994
5.493391362311669,0.14899076956949547
3.9158864213521833,-1.1304355647794535
2.945268097618886,0.11381180077189376
1.5103463373700685,-0.9781132941786719
3.5644249740674976,1.2429973704145683
4.53939571913843,-1.3767037175273846
1.8405295767004999,0.14366506417395541
5.8284350937973315,1.1638692727291566
4.814395927395433,-0.6170915088676042
2.9364702817068835,-0.9585735146473057
6.300820951132369,0.658247170204115
3.0024163288711545,0.8975899717464965
4.1208547042349695,0.7542803713903605
2.589943133300139,1.514268866160812
4.793823941216809,0.4168267879510274
5.330812606639416,-0.5137097651790362
3.195891676851259,-1.3304055726613506
4.884521720353913,-0.20225515801413851
4.9067550446848,0.3879449239544435
5.155796298101546,-0.720153787286792
4.81899373731862,0.5346388715575164
4.3650763027791015,-0.9936596639697837
5.720339712518644,-1.2754419817232414
3.234613154937086,-1.9703512358929505
4.06075348548376,-0.14274130345677788
4.255322055866876,-0.4847351679135501
3.340239335537281,-1.7864194049533053
4.4976227743851895,-0.173051950481045
3.4417043938935996,1.9342998002447958
2.5122234919835753,-0.9831414248291308
4.449743115483448,0.022151657752524482
2.8736563137085387,-0.41788080836179975
5.460817945492885,0.03842930943367205
2.8909926956963647,0.34667177024696394
3.673599765818131,-0.15164143955108655
3.9008748155478017,0.32325060181020493
2.577853411720029,0.2920847694770742
4.227388034429441,-0.4343904060746515
4.037444377145233,1.5278859932686695
4.2538775654874845,0.613140964719992
3.897518740311567,-1.4703391703303716
4.113275207526023,-0.34105627827176266
3.7670096043107115,-0.6500410742800435
3.7254574207658155,-1.2573843979170904
5.936237315443018,2.9779701173636433
4.756092587095863,0.6424136656344761
2.693011727028858,-0.2694987908348732
4.302702234320045,-0.0814302441761136
3.165473020561352,-1.0500015233524613
4.377715876638235,1.1160095459868735
4.975512526165227,-0.3747729973774916
4.750474298591018,0.8226968360306194
3.806106578175902,0.3316602714122258
3.256825770518418,0.4905040631397111
4.415380350865513,-0.7102215816071452
3.614423244272001,0.12890388793863086
3.553638880619695,-0.43067012799947263
2.8271419548663097,-0.14283425649873857
4.868458110694057,1.2909639272417623
5.159706897826892,-0.7770620210789246
4.31042525369887,-0.5156300867987824
2.6624108706274194,-0.800389755763492
3.9911298204138284,0.16802057455635844
5.4418904271920026,0.6630756107371302
2.678554334672575,-0.8543665065125572
3.143737709892143,-0.4414854092601566
4.069652997507612,-0.639429434421238
3.8802274441596514,0.5902412912312432
3.756350170732851,0.854274522966617
5.553584278509613,-0.194373880615921
5.38155694118053,-0.5452060919507782
4.897228364497655,-1.551833646432271
2.7743958001459106,-2.2608761889628455
5.033542749157762,2.3601236996906687
4.54841728793263,-1.7647412035728338
4.266408994843202,-0.596539412716072
4.9052311206811146,0.6333975946076127
4.041462848679276,1.0704181961957548
4.200706178801989,-0.0073479989527182364
3.0374586452926593,0.34501679141559555
4.640732303928898,-0.5215584111849193
4.391429959223645,-0.8941663720849576
2.200604891745267,-1.021321563355017
3.7146433137708583,-0.0497593050423753
3.42536799704635,-0.10745414546165644
3.6072503273502634,0.7509957615881607
5.161229215913668,0.3646896235125411
3.819103493562462,0.07331661934491744
4.551228720965796,-0.5211052744527331
3.2030988849280035,-0.26075147955562944
3.2886796838193844,1.1198797396213913
4.7482282609669575,-1.3630815112247248
4.459044680989425,-1.4616947891787362
3.500179139156426,0.8037631274723386
4.150114870814721,1.2142263925815888
5.070032102353085,-1.0206944275119745
2.7457868902981373,-1.6838542968631802
4.307817009011156,-1.2275314813547076
2.17199245515565,0.35784177866456757
4.113572744992844,-0.7679950073579136
4.988894258343514,1.460903166428349
2.2425621477577455,0.8031914938567207
2.770016462215795,-0.7021636312862926
5.0219859877409725,-0.7005589422090274
1.0526500336494675,0.31560640179384214
5.227155107476268,-2.3626729901410024
2.674869921541698,1.325519122329444
4.533433136076805,0.015256556265233985
3.6669678986285557,0.5248234786655055
4.728473799978232,0.5760733384019248
7.24753201096086,-0.1966030529406261
2.620818838246821,-1.5104634870954043
4.260155507777349,-1.1104724936248866
3.0675917336131318,0.0647940794907192
4.327419526008476,-0.16542437745270247
4.989652168789356,0.5232157283789816
2.8272387504833802,-0.7594822775857916
3.748567921661991,-0.616863502033534
4.181847815569469,0.3331014779313212
3.4312789276750086,1.7480315449888346
4.235525391478423,-0.4300336969781992
3.049140328177359,-0.20941611223783854
3.2533364033495173,1.2239070023991596
3.6833474263180426,-0.4841417271655597
3.3916471541644255,0.4385461052840497
6.084271340819695,0.2500230341143329
5.772492005918787,-2.263165526876035
5.793193967254881,0.6874981925738576
4.393046277519693,1.7881705969689186
4.897131848143695,-1.1649988148782484
2.668734667859164,-0.38116545467979773
5.293948835933801,1.0250348571479047
4.038411214382447,-1.7536156524766793
4.900069041957563,-2.3076187468729006
4.705488677315787,-1.677606287151565
2.9610085486302626,-0.5155683763728619
3.5787804636528184,0.7294496756992644
3.5087093286649083,-0.2530592836991727
5.149595851555061,-1.4419382525388902
3.505663776402293,0.9687567561180314
4.6521797049517515,-0.7432163680441021
4.117548548522036,0.49641375590403736
5.239079089296883,0.12246763910742776
1.9695781112296151,0.9686364727984719
3.214404057324734,0.6987604129937536
3.68807543170041,-0.8433598874171733
5.406832421659198,-1.7598608609783888
3.418064159900294,0.33742734033182886
5.0414028130884345,0.1762732286729801
3.8314448451006324,-0.726620732477344
4.717965888545715,-1.0959844840893298
2.985585450514739,-0.02032285549333347
4.910124942770985,0.5008296724731388
2.705658371457568,-0.03321315630840095
4.276488546486573,0.9338739320664148
5.04428742427491,0.6457075131306339
4.192524164583247,0.467296768308578
3.666012591921782,-0.5865376329106289
3.281812902234642,0.3151628494546318
5.817712498049191,1.3120485511929385
3.7426924586236994,-0.9327130274382535
4.234906355771906,-0.09903175494361592
3.057693004469241,0.6841625935895292
4.978858024414724,0.48673224782298885
4.825635158887112,-0.6514052143289529
3.609902859163933,-0.233016374161987
5.156482656307834,1.6338373821918633
4.609036557776883,0.9364726580773296
3.587864187561805,-0.3331991757257401
5.113844841710031,0.02109059577922467
4.656436641001767,-0.28989025924399775
2.738823769674065,-1.1929952308076406
5.252995922404068,-1.7337448044230703
5.955739325982508,-1.8485654205271935
2.7259669845069334,-0.30797243137929564
4.036378449729021,2.0205683513903816
4.800269461678843,-0.06660255203717248
4.65661059744854,1.0311290284401478
4.676306286666266,-0.6320188965542174
4.740156181676974,-1.39568480427154
5.399304080372867,0.6925676629870263
3.2551551577797984,0.1619273563615287
5.407825020846023,-0.3539493608415505
4.605252137879564,-0.2907113172452552
3.2668867501035974,-1.0860946871433408
5.700645766290533,1.7877501227838977
5.261843292847492,0.08407084828938505
3.9742985408348144,-1.7510532461150474
3.785259226166559,-2.0058215074161376
5.111295139675891,0.6532671698365194
3.6596501158088692,0.49774215581927295
3.648329762529471,0.8722834690929006
4.261921056005596,1.0436980260620459
3.8393448842860094,-0.5937757816832281
2.489281480822052,1.33193614959882
4.070533712205178,0.05621531276690084
3.6721450213835674,-0.23424725873768826
3.6118619694305227,-0.14392398001737564
3.267495186297702,0.004460063106585909
4.4248307514593925,0.5964402779285676
4.714838759429648,0.843592597187009
4.857408014388923,-1.16692576245216
3.4875617257714198,0.8750297723513238
3.557275981032719,-0.1803117827381808
4.451676963298889,1.667256103007215
3.3718200203678723,1.3810427219466002
2.896478237879757,-0.1786822868764709
4.359465936179044,0.16587968264814978
3.9650475728655934,-1.8522770846220378
3.3236892038802046,-0.09424081819231737
4.095291126407757,-0.14472066860538
4.0924912974158625,0.9123848248526184
2.5455131124321975,0.8605085175222854
5.708895960136555,-0.650575075041012
3.2295231722228253,0.5353167302931605
3.654068132985724,0.2587461371392826
5.830912826375468,0.6386383788468505
2.012812297370134,-0.31754982517904895
3.9341927727018473,-0.48891462376979383
4.909357671984397,-1.5362963011679502
3.7357902262319174,0.5334153269575872
4.514556601128664,0.5919987550860469
5.48014160507199,0.15772861700981727
2.196852592607808,0.06366084665434119
4.179960412098002,-2.1424155090059407
5.355173628209308,1.51981022668281
3.09004211763599,-0.15575460246939624
3.430183751516665,-1.2792083977287385
5.121930380921314,-1.5798763213937825
3.2316685496735293,0.49927679512807377
2.909654646258068,-1.7673422148370646
4.28779659383235,1.0424738794884363
4.562881443984667,0.4179178160912137
3.96821158173277,2.3451633355433565
2.3572340435374413,-0.10985061624811816
3.321579642750759,0.3402325122743637
2.4032555695010407,0.6576904785351743
3.169667938691395,0.30542611932299324
5.469726220150811,0.20292884187299134
3.329345238331639,0.9364088711452809
4.253563762346784,-1.7650618717791495
4.898628274370376,0.8713017650164464
3.2771731867410847,-0.6482407967923987
3.673711393718115,0.2482023434018786
2.7745355332019015,-1.0919761032734336
3.327609566204434,0.25205535573357246
2.814076958918645,5.18843429523413
4.680147646831471,2.374540184512294
4.733776964111033,3.21636521013566
4.7052771898861705,4.38442408541239
5.2281433812389855,3.9806947210024535
4.318582542881118,3.4006940915977655
4.180291827665979,3.843577228173386
4.218156001395934,1.9479970202056105
3.317104698834158,3.220794465220282
3.5389630372603307,3.4228409155077495
4.4920478030878455,2.742700676723948
3.2942941202121627,3.4993875179847507
5.300121462406084,4.77518916505869
4.527288644925852,5.1059353605086075
2.421682927602811,3.002670816021106
5.364521718602168,5.188132005537104
3.60835796555235,2.294824302815651
3.2885034007907668,3.7661534269364196
2.8777086748543272,4.400642241571177
2.588957911382048,3.9310309085331405
4.482659990716875,5.459811994737519
4.68817574744865,6.067737733651528
5.1845508429656535,2.891876879636647
3.7702459917583586,3.9908977935373655
5.054659549294774,5.356873197992941
5.041025676525645,4.094052772673006
2.539510244876535,3.6789296457532696
3.0960234945576235,4.908890208504732
4.0812360447634815,5.189096719555158
4.715158960037893,3.2527396764735186
4.213888594306146,3.878593682757571
4.352957338542095,2.687697688928437
4.258874891987069,4.0862894392666975
5.253711065175345,3.4373717586704187
2.288229171126123,4.363620591082682
2.0412452024854004,5.134354526192829
2.0435060584337656,4.6223560772678045
4.830644177449104,6.079869680652183
3.676031315349178,5.634960198450889
4.797420916961638,4.198549036709248
2.8382797699725857,4.850250915457771
4.04941350390622,3.224352820466996
5.081095668687672,5.300963838333027
4.379586825647833,4.770913159163057
3.9703936555441794,3.037913655091167
3.989942291486113,2.6255159232133933
3.4927666131420736,4.065295589127767
3.8677217289082773,4.149427684821454
5.244990019350608,3.7248269332286448
2.78111200336656,4.361650408784177
6.012216038922183,3.8263379366422523
4.601655092161421,4.261016840330686
5.044302663307535,4.04628746557545
4.711985905641204,4.44710824745083
6.619023156549133,3.774251092857157
3.477646076596332,4.3343717135468705
3.8550487116313588,5.682938465465068
4.465462548896651,3.3846285740862943
2.5546657651582736,5.135436790905653
4.3706181125759525,4.464210846820773
2.986842484202027,4.194027406971269
3.080177403346621,4.3788837438989034
2.613995814396298,4.187302207623101
5.208042895414739,4.467258853077973
4.600909971302688,5.513594263499163
3.4028356982532757,2.874341848936347
2.8370900770722094,3.555710885600072
4.61358498241016,5.374678466992859
4.901331779338412,3.5450322364088014
5.7789406807964445,5.307484354854302
3.185583652552518,3.9547091432955073
3.7639373608740057,3.5729498051185997
5.715911660652982,5.610699594213118
5.338483944573879,3.846531858135481
3.1617132624481767,4.01017822853765
3.356475893836923,3.5203671818807276
2.7662292498328735,4.433708993915227
4.842436903439011,3.710614222176613
1.9496056103706985,4.80380548736833
4.954628269161488,4.451789799483626
4.76505610469816,4.370363960593034
2.1983598803780584,3.5384428179035776
3.074743895417167,2.8467381048876854
4.210195119869583,5.349581297223951
3.0814609472341496,1.6980245364467028
5.832278979537781,4.9641087156964225
5.083222614651133,4.1468779612279585
6.059271682579103,2.899941986036657
3.007665473495093,4.704596844403892
3.2492940518120923,3.577929309410139
3.0237459198602714,3.7487626044859548
4.14583065977651,4.578329774297375
3.977194392783875,3.2043717642226066
3.810941459728911,3.9525614897512797
3.8258449132660113,2.681688983609789
4.849363124694283,5.717796133186637
2.8559238992013016,4.7722575841720385
1.6483836719562759,4.12909925830616
3.7813717481430853,4.699528096713312
3.614768378630771,4.421512232431313
5.841985331361921,3.7644903371122522
3.833365346603481,4.630367393963312
4.007565394132972,4.306097380356364
3.5616173049168474,3.121743582440408
3.238119965003479,3.071794846797556
4.813842002694346,4.458362390399934
4.067441594596132,3.6618552219236973
4.003781863893554,3.9448210333025386
2.775522094667435,3.1398041052662
4.743710158251109,3.9380355651524455
1.4913895589907202,4.7502936888989575
4.231893155241093,2.9692475257798634
1.8241032301903748,5.52514099657291
5.34659408082322,4.611184075110577
3.6919996932161188,3.8318117112866004
4.668902404793578,3.276873072822503
5.633695661628623,3.4409331287113782
4.517620862024015,3.6136719486004414
3.300239330679151,4.755673045834008
3.617928106889952,3.541656673910035
4.45568767428694,1.9472247845655204
4.406569225327673,4.0119755496848715
6.936559711460223,4.765395741585831
1.7925095388955703,4.733587321706047
4.743071135306764,5.016243162912409
6.62381580748907,4.53589450263338
5.046847592227355,3.3011924992678674
3.47469544568752,3.2234829677272305
3.3755370253770347,3.3899957422013016
4.4583201959157845,5.111088944594789
5.146330400935424,5.87192015512792
4.391140156899202,3.0400095450833438
3.5546918647724235,4.029806369514767
5.069721208738516,5.916728098925667
5.326497588744488,3.9634935702636245
4.918723330275356,4.2825012978791825
4.691229708947778,4.082931955430469
2.574067488614956,3.220103286214702
3.6708470297801465,2.630505465454756
2.957179500100251,4.095161066123112
5.26970296050621,2.0036906067066935
4.528260337174178,2.0292773122857066
4.4883811573914,4.425319357341614
1.5903657793281125,2.8403878599606758
4.342727708312869,4.564328603722839
3.3500362908120187,4.487003050246551
4.098737856794677,3.9846733459390915
4.236633311178393,4.400099762478167
3.9355105819433827,5.1151253729226696
2.899261272868978,4.317809393482259
5.480338180500648,4.63969073297012
3.258402418027086,3.8323107606692792
3.9996493219176914,4.262991375990785
3.509900178158473,4.831561156799746
4.9835993192947114,3.2363390006140897
4.1833365760798715,2.856320694673682
4.11663027197919,3.8313568373488334
5.816641495023541,4.062576896081665
4.894852933344735,3.7453777636709495
2.216838848126722,1.965320026749712
5.016646105877313,4.4482740856602945
5.5252953759633,4.424889164885538
3.0939796846680565,4.088205582495052
3.6784902307922196,4.324472386868635
3.2076303532994737,4.88995777500108
4.512667454357144,5.040459557577992
4.006713735694449,2.911996673524338
4.640145996654619,5.395188239659444
5.573279388087208,1.687655311314058
3.44633753247159,3.689939003435983
4.618923110156755,3.576802944389859
3.819448092239247,3.639844221588383
3.751725404272386,3.1819085321504765
4.543863892913025,4.546945558329348
4.106443896152292,4.140420172127013
4.398229936937258,2.797301825581286
2.983550047669838,5.295291043960015
3.5617412359083516,4.374062460658995
5.680708821570284,3.78344206181312
3.5079218221157795,3.2649427404121405
3.9046553174162084,4.352688488687502
6.661764886904049,3.9809505221401262
4.3605331322596,1.58883704371015
2.335842595566174,3.5101632445515296
2.721216952674752,2.3962328665250223
3.403479542104329,4.384623608160344
5.063267040969303,3.967600323207008
4.500574650326384,5.081204652899998
5.821445520960628,5.379639085561474
4.686332585267921,4.065521043376092
5.2235980578356065,4.34255898591042
3.6833562486847833,4.8357521272409905
4.099446005155805,4.582712277745234
4.686999250238175,3.873651594428485
3.6827739319430033,4.524960914471884
4.771677656034448,3.0215747569316065
3.028672704675825,3.120999795097428
2.384955074371718,4.4525572797330435
2.546873630165493,2.4219483201795162
3.290081088641577,3.8666384826670313
4.327996315707102,5.448939109267474
2.6793545417388502,3.2694228770014724
3.45000681951928,3.4996070549863765
4.001947770052968,3.8892174173202547
2.755590004529638,4.903058160103678
4.497116880600604,3.6644286619821163
2.6880612808185487,2.6142034689613256
4.383254402314696,5.093860831618236
2.672945709803942,2.1928079097698605
5.029162580007911,4.896143782891427
3.3978169925926816,5.180249040167212
3.8561477136600093,4.419016745963453
4.397499464616905,1.9263887066295777
4.630673921738417,3.563411292653927
2.9654113499402595,5.3714885851397565
5.815433186950713,3.4678100542132264
3.7413813843407233,2.2517281680828347
5.495914744569067,3.633079858214976
3.9331345375142526,6.0079398112003295
3.795903208532107,4.448551824847212
3.1743459876292515,4.2661005851910145
3.848171464252411,3.9183200699162577
4.512560147292933,4.490590313802728
3.1089107205747184,4.316150188404084
5.511474355882506,4.022344926539079
4.166423286583482,4.525617047612083
5.823612572471415,3.9082878220153376
4.036051430559829,3.753338735665878
2.012547140339839,4.549430833973342
3.7387590153566044,2.4532850438680036
3.554928185880476,4.052281174270715
5.424673682952137,6.007897907500823
2.156857167967855,4.46976317622924
4.13772514500211,1.5993685437221425
4.545518521109582,2.9561639357591423
6.6748512537216875,3.556120734029446
5.305594395753297,3.1281490232352893
4.434184618744561,4.082726256416067
4.111956888576911,2.850807942951413
4.346175272528684,3.9327083118669353
2.0790463520025684,2.6252535107367443
4.122723270571234,4.961716317600333
4.753014940979744,2.8207581480380006
4.662103002333831,4.368033291632852
3.6681576787677015,1.9206627702694612
6.2373054483259365,3.6367329252594986
2.996470204527096,5.473816191230399
4.530473519901802,3.524864206996946
3.904049806700916,3.7757789740663474
3.3588308773472257,4.718785803820563
4.591817414317702,3.4221055860392755
5.551549948098847,2.3593999436998176
4.870788243021282,3.252639322358011
4.069862710198027,3.5718759665272155
5.743774056164261,4.052651897447901
3.7562707320227693,4.333290492674017
4.717876336873907,3.3367279450538625
3.9309263881650844,4.756995116748076
4.44760184960402,3.180286673204888
3.0431716416761727,3.4784102669142447
5.646714344571604,5.581168332492172
6.4299695203191165,2.1295937211969047
3.5928198732907575,4.838527512855617
4.241060895623052,5.633887913590014
3.708312795364681,2.9848492461585376
3.5397923032569576,5.074435463502876
4.084969160753364,4.260274492219982
2.3169980586519143,3.174749771878742
2.970092396140358,3.5407553236600138
4.3497483312725755,5.81798219841037
3.718300222098158,2.6769709032634292
5.115386224636106,4.818331651380028
4.596032050234237,3.9688806936626944
4.382550401901241,4.346304253012757
4.783404322927144,4.45963422322612
5.682218413434221,4.254265396150109
4.499647423925064,2.760819493236038
3.849437586059464,4.574590074809914
2.609134999355584,3.9000235469459676
4.0448446611914655,4.528213298424677
3.590547995711293,3.87679531314174
3.7191774892321416,5.084192925487612
3.923324444691478,3.696820031996231
5.313729142217635,2.8629750311655755
4.610434483136902,4.1981453751667885
3.7833150039732226,3.1605765961940726
5.268816809138727,3.1737225218027
3.6588031146136655,3.2218161535795877
4.171541503175205,5.029791402223553
3.1227564674596366,3.517338599455289
4.86234125392428,3.3788322100957346
4.593197502137458,2.957571051054088
4.151040286937856,4.83494167176399
5.778519314275717,4.101774298635881
2.7597569838031935,3.7878967276220887
4.936088943705632,4.918212209932696
4.298259539579899,3.0528504969847567
4.855346204377968,3.900794324037685
3.3718324566471654,4.54532178270848
4.169989562831634,3.671031365161423